       0        0        0  -1.5708        0   1.5708 0.785398
-0.000395011 -0.000247958  -0.00042128     -1.57088 -0.000189952      1.57049     0.785398
-0.000517929 -0.000252074 -0.000542912     -1.57089 -0.000234703      1.57047     0.785398
-0.000975891 -0.000269072 -0.000997751     -1.57092  -0.00040178      1.57041     0.785398
 -0.00146766 -0.000283476  -0.00149051     -1.57095 -0.000591492      1.57036     0.785398
 -0.00198789 -0.000297045   -0.0020116     -1.57098 -0.000789895      1.57031     0.785398
  -0.0025126 -0.000310228  -0.00253732     -1.57101 -0.000991877      1.57026     0.785398
 -0.00308052 -0.000320204  -0.00310628     -1.57103  -0.00120853      1.57021     0.785398
 -0.00323432 -0.000323072  -0.00326043     -1.57104  -0.00126866       1.5702     0.785398
 -0.00379867 -0.000335146  -0.00382616     -1.57106  -0.00148733      1.57015     0.785398
 -0.00438666 -0.000342228  -0.00441566     -1.57109  -0.00171141       1.5701     0.785398
 -0.00501286 -0.000347134  -0.00504336     -1.57111  -0.00195023      1.57006     0.785398
  -0.0056772 -0.000350221  -0.00570939     -1.57113  -0.00220355      1.57002     0.785398
 -0.00637961 -0.000351269  -0.00641368     -1.57114  -0.00247156      1.56999     0.785398
 -0.00712051 -0.000349917  -0.00715662     -1.57116  -0.00275276      1.56995     0.785398
 -0.00789938 -0.000346048  -0.00793774     -1.57117  -0.00304881      1.56992     0.785398
 -0.00871631 -0.000339328  -0.00875716     -1.57118   -0.0033597      1.56989     0.785398
  -0.0095713 -0.000329465  -0.00961487     -1.57119  -0.00368532      1.56986     0.785398
  -0.0104643 -0.000316163   -0.0105108      -1.5712  -0.00402602      1.56984     0.785398
  -0.0113952 -0.000299061    -0.011445      -1.5712  -0.00438166      1.56983     0.785398
  -0.0123643 -0.000277742   -0.0124175      -1.5712  -0.00475192      1.56982     0.785398
  -0.0133714 -0.000251835   -0.0134283      -1.5712  -0.00513708      1.56981     0.785398
  -0.0144164 -0.000220904   -0.0144774     -1.57119  -0.00553715      1.56981     0.785398
  -0.0154995 -0.000184497   -0.0155648     -1.57118  -0.00595216      1.56982     0.785398
  -0.0166205 -0.000142124   -0.0166905     -1.57116  -0.00638212      1.56983     0.785398
  -0.0177795 -9.32641e-05   -0.0178545     -1.57114  -0.00682706      1.56985     0.785398
  -0.0189764 -3.73643e-05   -0.0190568     -1.57111  -0.00728697      1.56988     0.785398
 -0.0202113 2.61632e-05  -0.0202974    -1.57108 -0.00776189     1.56992    0.785398
 -0.0214841 9.79411e-05  -0.0215762    -1.57104 -0.00825181     1.56997    0.785398
 -0.0227949 0.000178629  -0.0228934      -1.571 -0.00875675     1.57002    0.785398
 -0.0241435 0.000268927  -0.0242488    -1.57095 -0.00927673     1.57009    0.785398
   -0.02553  0.00036959  -0.0256425     -1.5709 -0.00981175     1.57017    0.785398
-0.0269543 0.00048155 -0.0270745   -1.57084 -0.0103618    1.57026   0.785398
 -0.0284164 0.000605916  -0.0285446    -1.57077  -0.0109267     1.57036    0.785398
-0.0299163 0.00074382 -0.0300529    -1.5707 -0.0115065    1.57047   0.785398
 -0.0314536 0.000896326  -0.0315991    -1.57062  -0.0121017      1.5706    0.785398
-0.0330288 0.00106494 -0.0331837   -1.57054 -0.0127114    1.57074   0.785398
-0.0346417 0.00125076 -0.0348063   -1.57045  -0.013336     1.5709   0.785398
-0.0362922 0.00145466  -0.036467   -1.57036 -0.0139755    1.57107   0.785398
-0.0379804 0.00167751 -0.0381657   -1.57026   -0.01463    1.57126   0.785398
-0.0397062  0.0019202 -0.0399024   -1.57015 -0.0152993    1.57146   0.785398
-0.0414695 0.00218363  -0.041677   -1.57004 -0.0159835    1.57169   0.785398
-0.0432703 0.00246867 -0.0434895   -1.56992 -0.0166825    1.57193   0.785398
-0.0451086 0.00277632 -0.0453397   -1.56979 -0.0173962    1.57219   0.785398
-0.0469843 0.00310746 -0.0472276   -1.56965 -0.0181247    1.57247   0.785398
-0.0488974 0.00346304 -0.0491531   -1.56951 -0.0188679    1.57277   0.785398
-0.0508478 0.00384403 -0.0511162   -1.56936 -0.0196257    1.57309   0.785398
-0.0528356 0.00425138 -0.0531167    -1.5692 -0.0203982    1.57344   0.785398
-0.0548605 0.00468598 -0.0551547   -1.56903 -0.0211852    1.57381   0.785398
-0.0569227 0.00514871 -0.0572298   -1.56885 -0.0219868     1.5742   0.785398
-0.0590221 0.00564051 -0.0593422   -1.56866 -0.0228028    1.57462   0.785398
-0.0611585 0.00616225 -0.0614916   -1.56846 -0.0236332    1.57507   0.785398
-0.0633321 0.00671484 -0.0636781   -1.56825  -0.024478    1.57554   0.785398
-0.0655426 0.00729921 -0.0659014   -1.56802  -0.025337    1.57605   0.785398
-0.0677901  0.0079165 -0.0681614   -1.56778 -0.0262103    1.57658   0.785398
-0.0700745 0.00856797 -0.0704581   -1.56753 -0.0270978    1.57715   0.785398
-0.0723957 0.00925496 -0.0727912   -1.56727 -0.0279993    1.57774   0.785398
-0.0747535 0.00997896 -0.0751604   -1.56699 -0.0289146    1.57837   0.785398
-0.0771479  0.0107413 -0.0775658    -1.5667 -0.0298437    1.57904   0.785398
-0.0795789  0.0115434 -0.0800071   -1.56639 -0.0307866    1.57974   0.785398
-0.0820462  0.0123869 -0.0824841   -1.56607  -0.031743    1.58047   0.785398
  -0.08455  0.0132731 -0.0849967   -1.56574 -0.0327128    1.58125   0.785398
-0.0870899  0.0142038 -0.0875445   -1.56539  -0.033696    1.58206   0.785398
 -0.089666  0.0151802 -0.0901275   -1.56502 -0.0346926    1.58291   0.785398
 -0.092278  0.0162043 -0.0927452   -1.56464  -0.035702     1.5838   0.785398
-0.0949232  0.0172764 -0.0953949   -1.56424 -0.0367235    1.58474   0.785398
-0.0976028  0.0183989 -0.0980775   -1.56383 -0.0377572    1.58572   0.785398
 -0.100315  0.0195728  -0.100792    -1.5634 -0.0388026    1.58674   0.785398
 -0.103059   0.020799  -0.103535   -1.56296 -0.0398586     1.5878   0.785398
 -0.105832  0.0220785  -0.106306   -1.56249 -0.0409247    1.58891   0.785398
 -0.108632  0.0234118  -0.109102   -1.56202 -0.0420001    1.59006   0.785398
 -0.111458  0.0247999  -0.111922   -1.56152 -0.0430839    1.59126   0.785398
 -0.114308  0.0262436  -0.114764   -1.56102 -0.0441756    1.59251   0.785398
 -0.117181  0.0277434  -0.117626   -1.56049 -0.0452743     1.5938   0.785398
 -0.120074  0.0293002  -0.120507   -1.55995 -0.0463795    1.59513   0.785398
 -0.122987  0.0309145  -0.123404   -1.55939 -0.0474905    1.59651   0.785398
 -0.125918  0.0325871  -0.126317   -1.55882 -0.0486067    1.59794   0.785398
 -0.128866   0.034319  -0.129244   -1.55823 -0.0497276    1.59942   0.785398
-0.131828 0.0361105 -0.132182  -1.55763 -0.050852   1.60094  0.785398
 -0.134803  0.0379618   -0.13513   -1.55702 -0.0519791    1.60251   0.785398
-0.137787 0.0398732 -0.138084  -1.55639 -0.053108   1.60412  0.785398
 -0.140779   0.041845  -0.141043   -1.55575 -0.0542379    1.60578   0.785398
 -0.143777  0.0438776  -0.144004   -1.55509 -0.0553682    1.60748   0.785398
  -0.14678  0.0459715  -0.146967   -1.55443 -0.0564982    1.60922   0.785398
 -0.149787  0.0481269   -0.14993   -1.55375 -0.0576273    1.61101   0.785398
 -0.152796  0.0503445  -0.152891   -1.55307 -0.0587552    1.61285   0.785398
 -0.155806  0.0526249  -0.155849   -1.55237 -0.0598812    1.61472   0.785398
 -0.158816  0.0549685  -0.158803   -1.55167 -0.0610049    1.61664   0.785398
 -0.161825  0.0573758  -0.161752   -1.55096 -0.0621259     1.6186   0.785398
 -0.164833  0.0598472  -0.164695   -1.55024 -0.0632437     1.6206   0.785398
 -0.167837   0.062383  -0.167631   -1.54951 -0.0643579    1.62264   0.785398
 -0.170838  0.0649834  -0.170558   -1.54878 -0.0654681    1.62472   0.785398
 -0.173835  0.0676488  -0.173476   -1.54805 -0.0665739    1.62685   0.785398
-0.176826 0.0703797 -0.176383  -1.54731 -0.067675   1.62901  0.785398
 -0.179811  0.0731785  -0.179279   -1.54656 -0.0687707    1.63121   0.785398
 -0.182788  0.0760483  -0.182161   -1.54582 -0.0698603    1.63345   0.785398
-0.185755 0.0789921 -0.185028  -1.54509 -0.070943   1.63572  0.785398
-0.188712 0.0820132 -0.187877  -1.54437 -0.072018   1.63803  0.785398
 -0.191655  0.0851145  -0.190708   -1.54366 -0.0730845    1.64036   0.785398
 -0.194584  0.0882991  -0.193517   -1.54297 -0.0741415    1.64273   0.785398
 -0.197497  0.0915691  -0.196303   -1.54231 -0.0751883    1.64512   0.785398
 -0.200392  0.0949219  -0.199065   -1.54166 -0.0762246    1.64754   0.785398
  -0.20327  0.0983522  -0.201802   -1.54104 -0.0772508       1.65   0.785398
 -0.206132   0.101853  -0.204517   -1.54043 -0.0782672    1.65248   0.785398
 -0.208977   0.105417  -0.207208   -1.53983 -0.0792749    1.65499   0.785398
 -0.211811   0.109053  -0.209879   -1.53923 -0.0802731    1.65753   0.785398
 -0.214634   0.112743  -0.212531   -1.53862 -0.0812631    1.66009   0.785399
 -0.217442   0.116489  -0.215161   -1.53801 -0.0822437    1.66269   0.785399
 -0.220221    0.12024  -0.217762   -1.53751 -0.0832255    1.66535   0.785399
  -0.22298   0.124138  -0.220327   -1.53697 -0.0841768    1.66797   0.785399
 -0.225701   0.128136  -0.222847    -1.5365 -0.0851068    1.67058     0.7854
 -0.228373   0.132249  -0.225307   -1.53612 -0.0860097    1.67317     0.7854
 -0.230976   0.136494  -0.227689   -1.53587 -0.0868777    1.67571     0.7854
 -0.233486   0.140889  -0.229969    -1.5358 -0.0877003    1.67819   0.785401
 -0.235867   0.145449  -0.232111   -1.53596 -0.0884637    1.68055   0.785401
 -0.238071   0.150181  -0.234068   -1.53639 -0.0891491    1.68277   0.785401
 -0.240032   0.155074  -0.235775   -1.53716 -0.0897327    1.68478   0.785402
 -0.241681   0.160085  -0.237171    -1.5383 -0.0901922    1.68652   0.785402
 -0.242997   0.165142  -0.238235   -1.53979 -0.0905219    1.68799   0.785403
 -0.243974   0.170178  -0.238969   -1.54157 -0.0907243    1.68919   0.785403
 -0.244626   0.175114  -0.239387   -1.54363 -0.0908089    1.69015   0.785403
-0.244979  0.179948 -0.239518  -1.54586 -0.090785   1.69087  0.785404
-0.245065  0.184652 -0.239393  -1.54825 -0.090666   1.69139  0.785404
 -0.244915   0.189222  -0.239042   -1.55073 -0.0904645    1.69173   0.785404
 -0.244556   0.193656  -0.238495   -1.55329 -0.0901915    1.69192   0.785405
 -0.244015   0.197957  -0.237775   -1.55592 -0.0898566    1.69198   0.785405
 -0.243313   0.202129  -0.236905   -1.55859 -0.0894677    1.69193   0.785405
 -0.242468   0.206181  -0.235901   -1.56129 -0.0890313    1.69178   0.785405
 -0.241495    0.21012  -0.234778   -1.56403 -0.0885528    1.69155   0.785405
 -0.240408   0.213954  -0.233548   -1.56678 -0.0880364    1.69125   0.785405
 -0.239215    0.21769   -0.23222   -1.56955 -0.0874856    1.69088   0.785405
-0.237925  0.221334 -0.230802  -1.57234 -0.086903   1.69046  0.785406
 -0.236544   0.224893    -0.2293   -1.57514 -0.0862907    1.68998   0.785406
 -0.235076   0.228374  -0.227717   -1.57795 -0.0856499    1.68945   0.785406
 -0.233526   0.231778  -0.226057   -1.58076 -0.0849822    1.68888   0.785406
 -0.231897   0.235109  -0.224325   -1.58359 -0.0842892    1.68827   0.785406
 -0.230194   0.238365  -0.222524   -1.58641 -0.0835724    1.68761   0.785406
 -0.228419   0.241547  -0.220658   -1.58923 -0.0828329    1.68692   0.785406
 -0.226574   0.244655  -0.218728   -1.59206 -0.0820714     1.6862   0.785406
 -0.224661   0.247685  -0.216736   -1.59487 -0.0812885    1.68544   0.785406
  -0.22268   0.250637  -0.214682   -1.59768 -0.0804842    1.68465   0.785406
 -0.220629   0.253504  -0.212566   -1.60047 -0.0796585    1.68382   0.785406
-0.218509  0.256282 -0.210387  -1.60326 -0.078811   1.68296  0.785406
 -0.216316   0.258962  -0.208144   -1.60603 -0.0779415    1.68206   0.785406
 -0.214049   0.261535  -0.205836   -1.60878 -0.0770492    1.68112   0.785407
 -0.211705   0.263987   -0.20346    -1.6115 -0.0761337    1.68015   0.785407
 -0.209281   0.266304  -0.201015   -1.61418 -0.0751945    1.67913   0.785407
 -0.206782   0.268483  -0.198505   -1.61683 -0.0742331    1.67807   0.785407
 -0.204216   0.270536  -0.195938   -1.61944 -0.0732524    1.67698   0.785407
 -0.201595   0.272482  -0.193324   -1.62201 -0.0722557    1.67586   0.785407
  -0.19893   0.274343  -0.190673   -1.62455 -0.0712464    1.67474   0.785407
 -0.196234    0.27615  -0.187993   -1.62705 -0.0702276    1.67361   0.785407
 -0.193518   0.277934  -0.185296   -1.62954 -0.0692027    1.67248   0.785407
 -0.190793   0.279731  -0.182589   -1.63201 -0.0681743    1.67138   0.785407
 -0.188063   0.281552  -0.179875   -1.63447 -0.0671435     1.6703   0.785407
 -0.185327   0.283395  -0.177153   -1.63692 -0.0661097    1.66925   0.785407
 -0.182581   0.285252   -0.17442   -1.63936 -0.0650723    1.66822   0.785408
 -0.179824    0.28712  -0.171676   -1.64178 -0.0640309    1.66721   0.785408
-0.177055  0.288993 -0.168919  -1.64418 -0.062985   1.66622  0.785408
-0.174271  0.290867 -0.166147  -1.64657 -0.061934   1.66524  0.785408
 -0.171472   0.292737  -0.163359   -1.64893 -0.0608776    1.66429   0.785408
 -0.168654   0.294596  -0.160555   -1.65127 -0.0598153    1.66335   0.785408
 -0.165819   0.296446  -0.157733   -1.65358 -0.0587471    1.66243   0.785408
 -0.162968   0.298288  -0.154896   -1.65587 -0.0576733    1.66153   0.785408
 -0.160101   0.300126  -0.152043   -1.65813 -0.0565942    1.66065   0.785408
 -0.157219   0.301961  -0.149175   -1.66036 -0.0555101     1.6598   0.785408
 -0.154324   0.303797  -0.146294   -1.66257 -0.0544213    1.65896   0.785408
 -0.151416   0.305636  -0.143399   -1.66476 -0.0533279    1.65815   0.785408
 -0.148495   0.307481  -0.140493   -1.66692 -0.0522302    1.65737   0.785409
 -0.145564   0.309335  -0.137574   -1.66905 -0.0511286    1.65661   0.785409
-0.142621    0.3112 -0.134644  -1.67116 -0.050023   1.65589  0.785409
 -0.139669   0.313077  -0.131703   -1.67324 -0.0489137    1.65519   0.785409
 -0.136706   0.314967  -0.128751    -1.6753 -0.0478006    1.65452   0.785409
 -0.133732   0.316869  -0.125788   -1.67733 -0.0466838    1.65388   0.785409
 -0.130749   0.318784  -0.122814   -1.67933 -0.0455633    1.65328   0.785409
 -0.127755   0.320713   -0.11983    -1.6813 -0.0444392     1.6527   0.785409
 -0.124751   0.322655  -0.116834   -1.68324 -0.0433114    1.65216   0.785409
 -0.121737    0.32461  -0.113828   -1.68515 -0.0421801    1.65165   0.785409
 -0.118713   0.326581  -0.110812   -1.68704 -0.0410452    1.65118   0.785409
  -0.11568   0.328565  -0.107785   -1.68889 -0.0399069    1.65074   0.785409
 -0.112636   0.330565  -0.104749   -1.69071 -0.0387652    1.65033   0.785409
 -0.109584   0.332581  -0.101702    -1.6925 -0.0376203    1.64996    0.78541
 -0.106522   0.334614 -0.0986453   -1.69426 -0.0364721    1.64962    0.78541
 -0.103451   0.336663 -0.0955794   -1.69598 -0.0353208    1.64933    0.78541
 -0.100372   0.338731 -0.0925042   -1.69767 -0.0341665    1.64906    0.78541
-0.0972836   0.340817 -0.0894199   -1.69933 -0.0330093    1.64884    0.78541
-0.0941873   0.342922 -0.0863266   -1.70096 -0.0318494    1.64866    0.78541
-0.0910829   0.345047 -0.0832248   -1.70255 -0.0306867    1.64851    0.78541
-0.0879707   0.347193 -0.0801147    -1.7041 -0.0295215    1.64841    0.78541
-0.0848507   0.349359 -0.0769965   -1.70562 -0.0283537    1.64834    0.78541
-0.0817231   0.351548 -0.0738706   -1.70711 -0.0271835    1.64832    0.78541
-0.0785881   0.353758  -0.070737   -1.70856  -0.026011    1.64834    0.78541
-0.0754459    0.35599 -0.0675961   -1.70997 -0.0248362     1.6484    0.78541
-0.0722967   0.358245  -0.064448   -1.71134 -0.0236594     1.6485    0.78541
-0.0691405   0.360523  -0.061293   -1.71268 -0.0224805    1.64865    0.78541
-0.0659777   0.362824 -0.0581313   -1.71398 -0.0212996    1.64884    0.78541
-0.0628083   0.365149 -0.0549632   -1.71524  -0.020117    1.64907   0.785411
-0.0596326   0.367498 -0.0517891   -1.71646 -0.0189325    1.64935   0.785411
-0.0564507   0.369872  -0.048609   -1.71765 -0.0177464    1.64967   0.785411
-0.0532629   0.372271 -0.0454234   -1.71879 -0.0165588    1.65003   0.785411
-0.0500693   0.374695 -0.0422324   -1.71989 -0.0153699    1.65045   0.785411
-0.0468702   0.377144 -0.0390364   -1.72096 -0.0141798    1.65091   0.785411
-0.0436656    0.37962 -0.0358357   -1.72198 -0.0129885    1.65141   0.785411
-0.0404558   0.382121 -0.0326306   -1.72296 -0.0117963    1.65196   0.785411
 -0.037241    0.38465 -0.0294213    -1.7239 -0.0106033    1.65256   0.785411
 -0.0340214    0.387205  -0.0262081     -1.7248 -0.00940948     1.65321    0.785411
 -0.0307973    0.389788  -0.0229915    -1.72566 -0.00821512     1.65391    0.785411
 -0.0275688    0.392398  -0.0197717    -1.72647 -0.00702033     1.65465    0.785411
 -0.0243362    0.395036   -0.016549    -1.72724 -0.00582524     1.65545    0.785411
 -0.0210996    0.397703  -0.0133239    -1.72797 -0.00462999     1.65629    0.785411
 -0.0178593    0.400398  -0.0100965    -1.72865 -0.00343474     1.65718    0.785411
 -0.0147543    0.402689 -0.00699457     -1.7296 -0.00178184     1.65797    0.785411
  -0.0115079     0.405446  -0.00376482      -1.7302 -0.000587039      1.65896     0.785412
 -0.00825849     0.408233 -0.000533916     -1.73074  0.000607358      1.66001     0.785412
-0.00500613    0.411049  0.00269776    -1.73125  0.00180118      1.6611    0.785412
-0.00175111    0.413895  0.00592984    -1.73171  0.00299429     1.66225    0.785412
0.00150637   0.416771 0.00916194   -1.73212 0.00418651    1.66345   0.785412
0.00476608   0.419678  0.0123937   -1.73249 0.00537769     1.6647   0.785412
0.00802781   0.422615  0.0156247   -1.73281 0.00656767    1.66601   0.785412
 0.0112913   0.425585  0.0188545   -1.73308 0.00775589    1.66736   0.785412
 0.0145564   0.428585  0.0220828   -1.73331 0.00894257    1.66876   0.785412
 0.017823  0.431615 0.0253093  -1.73349 0.0101279   1.67023  0.785412
0.0210907  0.434676 0.0285334  -1.73363 0.0113114   1.67174  0.785412
0.0243594  0.437768 0.0317548  -1.73372 0.0124929   1.67331  0.785412
0.0276287  0.440893  0.034973  -1.73377 0.0136722   1.67493  0.785412
0.0308985  0.444051 0.0381877  -1.73376 0.0148492    1.6766  0.785412
0.0341686  0.447241 0.0413985  -1.73371 0.0160236   1.67833  0.785412
0.0374387  0.450464 0.0446048  -1.73361 0.0171954   1.68012  0.785412
0.0407087  0.453721 0.0478063  -1.73347 0.0183643   1.68195  0.785412
0.0439782   0.45701 0.0510026  -1.73327 0.0195302   1.68384  0.785412
0.0472472  0.460334 0.0541931  -1.73303 0.0206929   1.68579  0.785412
0.0505153  0.463692 0.0573775  -1.73274 0.0218522   1.68779  0.785412
0.0537823  0.467084 0.0605553   -1.7324 0.0230079   1.68984  0.785412
 0.057048   0.47051 0.0637261  -1.73202 0.0241599   1.69195  0.785412
0.0603123  0.473972 0.0668893  -1.73158  0.025308   1.69411  0.785412
0.0635748  0.477469 0.0700446   -1.7311  0.026452   1.69633  0.785412
0.0668355  0.481001 0.0731915  -1.73057 0.0275917   1.69861  0.785412
0.0700941  0.484569 0.0763295  -1.72999  0.028727   1.70094  0.785412
0.0733504  0.488173 0.0794583  -1.72936 0.0298577   1.70332  0.785412
0.0766042  0.491814 0.0825773  -1.72868 0.0309836   1.70576  0.785412
0.0798553  0.495491  0.085686  -1.72795 0.0321046   1.70825  0.785412
0.0831035  0.499205  0.088784  -1.72718 0.0332204    1.7108  0.785412
0.0863486  0.502957 0.0918708  -1.72636 0.0343308   1.71341  0.785412
0.0895904  0.506747 0.0949459  -1.72548 0.0354358   1.71607  0.785412
0.0928287  0.510575 0.0980087  -1.72456 0.0365351   1.71879  0.785412
0.0960632  0.514441  0.101059  -1.72359 0.0376285   1.72156  0.785412
0.0992938  0.518347  0.104096  -1.72257 0.0387158   1.72439  0.785412
 0.10252 0.522291 0.107119 -1.72151 0.039797  1.72727 0.785412
 0.105742  0.526276  0.110128  -1.72039 0.0408717   1.73021  0.785412
  0.10896    0.5303  0.113122  -1.71923 0.0419399    1.7332  0.785412
 0.112173  0.534365  0.116102  -1.71802 0.0430014   1.73625  0.785412
 0.115382   0.53847  0.119065  -1.71675 0.0440559   1.73935  0.785412
 0.118585  0.542617  0.122012  -1.71545 0.0451034   1.74251  0.785412
 0.121783  0.546806  0.124943  -1.71409 0.0461436   1.74573  0.785412
 0.124976  0.551037  0.127856  -1.71268 0.0471763     1.749  0.785412
 0.128163   0.55531  0.130752  -1.71123 0.0482015   1.75232  0.785412
 0.131345  0.559628  0.133629  -1.70973 0.0492189    1.7557  0.785412
 0.134521  0.563989  0.136488  -1.70818 0.0502286   1.75914  0.785412
 0.137692  0.568395  0.139328  -1.70658 0.0512302   1.76263  0.785412
 0.140857  0.572846  0.142149  -1.70494 0.0522237   1.76618  0.785412
 0.144016  0.577344  0.144949  -1.70325 0.0532089   1.76978  0.785412
 0.147168  0.581888  0.147728  -1.70151 0.0541854   1.77344  0.785412
 0.150314  0.586481  0.150485  -1.69972 0.0551531   1.77715  0.785412
 0.153452  0.591122  0.153219  -1.69789 0.0561118   1.78092  0.785412
 0.156583  0.595812   0.15593  -1.69601 0.0570611   1.78474  0.785412
 0.159705  0.600551  0.158616  -1.69409 0.0580009   1.78862  0.785412
0.162819 0.605341 0.161277 -1.69212 0.058931  1.79255 0.785412
0.165924 0.610181 0.163912  -1.6901 0.059851  1.79653 0.785412
 0.169019  0.615072   0.16652  -1.68804 0.0607608   1.80057  0.785412
 0.172106  0.620016  0.169101  -1.68593 0.0616603   1.80466  0.785412
 0.175184  0.625013  0.171655  -1.68378 0.0625495   1.80881  0.785412
 0.178254  0.630066  0.174181  -1.68158 0.0634283   1.81301  0.785412
 0.181316  0.635176   0.17668  -1.67933 0.0642967   1.81726  0.785412
 0.184373  0.640347  0.179151  -1.67704 0.0651548   1.82157  0.785412
 0.187424  0.645581  0.181596  -1.67471 0.0660027   1.82594  0.785412
0.190472 0.650881 0.184014 -1.67232 0.066841  1.83038 0.785412
0.193516 0.656249 0.186406 -1.66989 0.067669  1.83487 0.785412
 0.196551  0.661685  0.188766  -1.66741 0.0684861   1.83942  0.785412
 0.199576  0.667191  0.191091  -1.66489 0.0692912   1.84403  0.785412
 0.202584  0.672763  0.193378  -1.66234 0.0700833   1.84869  0.785412
 0.205571  0.678398   0.19562  -1.65974 0.0708611   1.85341  0.785412
 0.20853 0.684091 0.197813 -1.65712 0.071623  1.85816 0.785412
0.211453 0.689839 0.199948 -1.65447 0.072367  1.86295 0.785412
 0.214334  0.695637  0.202018  -1.65179 0.0730909   1.86777  0.785413
 0.217178  0.701471   0.20403  -1.64911 0.0737968   1.87264  0.785413
 0.219994  0.707342  0.205989  -1.64642 0.0744869   1.87756  0.785413
 0.222792  0.713255  0.207905  -1.64372 0.0751639   1.88255  0.785413
 0.225585  0.719303  0.209779  -1.64089 0.0758261   1.88752  0.785413
 0.228382  0.725323  0.211632  -1.63818 0.0764867    1.8927  0.785413
 0.231204  0.731433  0.213468  -1.63548 0.0771462   1.89803  0.785413
 0.234064  0.737675  0.215293  -1.63279 0.0778079   1.90354  0.785413
 0.236939  0.744105   0.21707  -1.63009 0.0784619   1.90922  0.785413
 0.239798  0.750804  0.218756  -1.62733 0.0790923     1.915  0.785412
 0.242625  0.757997  0.220302  -1.62416 0.0796774   1.92062  0.785412
  0.24536  0.765325  0.221703  -1.62111 0.0802297   1.92638  0.785412
 0.247979  0.772824  0.222935   -1.6181 0.0807408   1.93219  0.785412
 0.250454  0.780473  0.223976  -1.61513 0.0812033   1.93799  0.785412
 0.252756   0.78822   0.22481  -1.61222 0.0816108   1.94376  0.785412
  0.25486  0.796018  0.225422  -1.60941 0.0819571   1.94946  0.785412
 0.256744  0.803822  0.225798   -1.6067 0.0822366   1.95505  0.785412
 0.258389  0.811591  0.225928  -1.60411 0.0824451    1.9605  0.785412
 0.259781  0.819284  0.225805  -1.60164 0.0825793   1.96577  0.785412
 0.260909   0.82686  0.225428   -1.5993 0.0826383   1.97083  0.785412
 0.261787  0.834282  0.224818  -1.59709 0.0826274   1.97567  0.785412
 0.262434  0.841521  0.223999  -1.59502 0.0825537   1.98032  0.785412
 0.262872  0.848568  0.222996  -1.59308 0.0824241   1.98478  0.785412
 0.263118  0.855421  0.221828  -1.59125 0.0822447   1.98906  0.785412
 0.263192  0.862084  0.220513  -1.58954 0.0820208   1.99317  0.785412
 0.263107   0.86856  0.219067  -1.58792 0.0817573   1.99712  0.785412
 0.262878  0.874849  0.217504  -1.58639 0.0814584   2.00092  0.785411
 0.262516   0.88095  0.215836  -1.58496 0.0811278   2.00458  0.785411
  0.26203  0.886856  0.214075  -1.58364 0.0807686   2.00812  0.785411
 0.261435  0.892616  0.212229  -1.58234 0.0803832    2.0115  0.785411
 0.260734  0.898201  0.210306  -1.58113 0.0799746   2.01474  0.785411
 0.259907  0.903425  0.208328  -1.58025 0.0795302     2.018  0.785411
 0.258974  0.908374  0.206299  -1.57956 0.0790481   2.02116  0.785411
 0.257935  0.913028  0.204228  -1.57909 0.0785189   2.02418  0.785411
 0.256795   0.91737  0.202124  -1.57882 0.0779334   2.02702  0.785411
 0.255562  0.921424  0.199991  -1.57872 0.0772932   2.02964   0.78541
 0.254244  0.925222  0.197828  -1.57874 0.0766055   2.03206   0.78541
 0.252844  0.928796  0.195632  -1.57884 0.0758789   2.03429   0.78541
  0.25136  0.932163  0.193393  -1.57901 0.0751191   2.03634   0.78541
 0.249794  0.935413  0.191091  -1.57915 0.0743577   2.03829   0.78541
 0.248122  0.938463  0.188719  -1.57934 0.0735688   2.04007   0.78541
 0.246321  0.941228  0.186272  -1.57961 0.0727202    2.0416   0.78541
 0.244377  0.943755  0.183723  -1.57993 0.0718318   2.04292  0.785409
0.242261 0.946014 0.181046 -1.58029 0.070893    2.044 0.785409
 0.239967  0.947997  0.178236   -1.5807 0.0698991   2.04483  0.785409
 0.237528  0.949744   0.17532  -1.58115 0.0688581   2.04547  0.785409
 0.234981   0.95131  0.172328  -1.58163 0.0677787   2.04595  0.785409
 0.232364  0.952752  0.169289  -1.58213 0.0666698   2.04632  0.785408
 0.229712  0.954129  0.166231  -1.58263 0.0655429   2.04664  0.785408
 0.227061  0.955489  0.163181  -1.58314 0.0644097   2.04695  0.785408
 0.224419   0.95684  0.160146  -1.58364 0.0632739   2.04726  0.785408
 0.221774  0.958201  0.157102  -1.58413 0.0621683   2.04758  0.785408
 0.219137  0.959512  0.154088  -1.58463 0.0610265   2.04787  0.785407
 0.216497  0.960792  0.151079  -1.58513 0.0598811   2.04813  0.785407
 0.213849  0.962034  0.148071  -1.58563 0.0587312   2.04838  0.785407
 0.211189  0.963232  0.145061  -1.58613 0.0575752   2.04859  0.785407
 0.208512   0.96438  0.142043  -1.58662 0.0564118   2.04878  0.785407
 0.205819  0.965482  0.139019  -1.58712 0.0552409   2.04893  0.785407
0.203112 0.966541 0.135989  -1.5876 0.054063  2.04906 0.785406
 0.200392   0.96756  0.132954  -1.58809 0.0528787   2.04917  0.785406
 0.197661  0.968543  0.129916  -1.58857 0.0516882   2.04925  0.785406
 0.194921  0.969495  0.126875  -1.58905 0.0504924   2.04932  0.785406
 0.192174  0.970419  0.123834  -1.58952 0.0492917   2.04938  0.785406
 0.189422  0.971318  0.120793  -1.58999 0.0480869   2.04942  0.785406
 0.186666  0.972195  0.117753  -1.59045 0.0468784   2.04946  0.785405
 0.183889  0.973066  0.114688  -1.59091 0.0456942    2.0495  0.785405
 0.181125  0.973898   0.11165  -1.59136 0.0444788   2.04952  0.785405
0.178357 0.974708 0.108614  -1.5918  0.04326  2.04954 0.785405
0.175586 0.975496 0.105579 -1.59224 0.042038  2.04954 0.785405
 0.172811  0.976263  0.102545  -1.59267 0.0408129   2.04954  0.785405
 0.170032  0.977008 0.0995115  -1.59309 0.0395847   2.04954  0.785405
  0.16725  0.977733 0.0964788  -1.59351 0.0383539   2.04953  0.785405
 0.164465  0.978437 0.0934466  -1.59391 0.0371205   2.04951  0.785405
 0.161676  0.979122  0.090415  -1.59431 0.0358844    2.0495  0.785405
 0.158884  0.979787 0.0873839  -1.59471 0.0346459   2.04947  0.785405
 0.156089  0.980433 0.0843535  -1.59509  0.033405   2.04945  0.785405
 0.153292  0.981061 0.0813238  -1.59546 0.0321618   2.04942  0.785405
 0.150492  0.981671 0.0782951  -1.59583 0.0309163    2.0494  0.785405
  0.14769  0.982264 0.0752672  -1.59618 0.0296687   2.04937  0.785404
 0.144886  0.982841 0.0722404  -1.59653  0.028419   2.04934  0.785404
 0.142081  0.983401 0.0692147  -1.59687 0.0271673   2.04931  0.785404
 0.139274  0.983946 0.0661903   -1.5972 0.0259138   2.04928  0.785404
 0.136465  0.984475  0.063167  -1.59752 0.0246584   2.04926  0.785404
 0.133655  0.984989 0.0601451  -1.59783 0.0234012   2.04923  0.785404
 0.130844  0.985488 0.0571245  -1.59812 0.0221422   2.04921  0.785404
 0.128032  0.985972 0.0541053  -1.59841 0.0208815   2.04919  0.785404
 0.125219  0.986442 0.0510874  -1.59869 0.0196192   2.04917  0.785404
 0.122406  0.986898 0.0480709  -1.59896 0.0183552   2.04916  0.785404
 0.119591  0.987339 0.0450559  -1.59922 0.0170897   2.04915  0.785404
 0.116776  0.987767 0.0420424  -1.59946 0.0158227   2.04914  0.785404
 0.113961   0.98818 0.0390304   -1.5997 0.0145542   2.04914  0.785404
 0.111145   0.98858 0.0360201  -1.59992 0.0132844   2.04914  0.785404
 0.108329  0.988967 0.0330113  -1.60014 0.0120131   2.04915  0.785404
 0.105513  0.989341 0.0300042  -1.60034 0.0107405   2.04916  0.785404
  0.102697   0.989702  0.0269988   -1.60053 0.00946663    2.04918   0.785404
 0.0998807   0.990049  0.0239952   -1.60071 0.00819149     2.0492   0.785404
 0.0970649   0.990385  0.0209934   -1.60087 0.00691512    2.04923   0.785404
 0.0942495   0.990707  0.0179934   -1.60103 0.00563758    2.04926   0.785404
0.0914346  0.991018 0.0149953  -1.60117 0.0043589    2.0493  0.785404
 0.0886202   0.991316  0.0119991    -1.6013 0.00307913    2.04935   0.785404
 0.0858064   0.991602 0.00900496   -1.60142 0.00179832     2.0494   0.785404
  0.0829935    0.991876  0.00601283    -1.60153 0.000516491     2.04947    0.785404
   0.0801814     0.992138   0.00302279     -1.60163 -0.000766303      2.04954     0.785403
  0.0773703    0.992389 3.48812e-05    -1.60171 -0.00205003     2.04961    0.785403
  0.0745603    0.992628 -0.00295085    -1.60178 -0.00333466      2.0497    0.785403
  0.0717515    0.992855 -0.00593434    -1.60184 -0.00462014     2.04979    0.785403
  0.0689439    0.993071 -0.00891554    -1.60188 -0.00590645     2.04989    0.785403
  0.0662406    0.993257  -0.0117718    -1.60192 -0.00720316     2.04998    0.785403
   0.063402     0.99346  -0.0147913    -1.60194 -0.00847809      2.0501    0.785403
  0.0607029    0.993624  -0.0176419    -1.60195 -0.00977496     2.05021    0.785403
 0.0579031   0.993796 -0.0206116   -1.60195 -0.0110644    2.05034   0.785403
 0.0551036   0.993957 -0.0235805   -1.60193 -0.0123544    2.05048   0.785403
 0.0523061   0.994107 -0.0265467   -1.60189  -0.013645    2.05063   0.785403
 0.0495106   0.994246 -0.0295103   -1.60185 -0.0149361     2.0508   0.785403
 0.0467173   0.994374 -0.0324711   -1.60179 -0.0162276    2.05097   0.785403
 0.0439262   0.994491 -0.0354291   -1.60172 -0.0175196    2.05115   0.785403
 0.0411376   0.994598 -0.0383842   -1.60163 -0.0188119    2.05133   0.785403
 0.0383515   0.994694 -0.0413363   -1.60153 -0.0201046    2.05153   0.785403
  0.035568   0.994779 -0.0442853   -1.60142 -0.0213977    2.05174   0.785403
 0.0327872   0.994854 -0.0472313    -1.6013 -0.0226911    2.05196   0.785403
 0.0300093   0.994918  -0.050174   -1.60116 -0.0239847    2.05219   0.785403
 0.0272344   0.994971 -0.0531135     -1.601 -0.0252785    2.05243   0.785403
 0.0244626   0.995014 -0.0560496   -1.60084 -0.0265725    2.05268   0.785403
  0.021694   0.995046 -0.0589823   -1.60066 -0.0278666    2.05294   0.785403
 0.0189288   0.995068 -0.0619115   -1.60046 -0.0291608     2.0532   0.785403
 0.0161671   0.995079 -0.0648372   -1.60026 -0.0304551    2.05348   0.785403
  0.013409   0.995078 -0.0677593   -1.60004 -0.0317494    2.05378   0.785403
 0.0106546   0.995067 -0.0706778   -1.59981 -0.0330437    2.05408   0.785403
 0.0079039   0.995046 -0.0735925   -1.59956  -0.034338    2.05439   0.785403
0.00521065   0.995007 -0.0764415   -1.59932 -0.0356325    2.05469   0.785403
0.00246873   0.994965 -0.0793474   -1.59904 -0.0369267    2.05503   0.785403
-0.000215742     0.994905    -0.082188     -1.59877   -0.0382205      2.05535     0.785403
-0.00294959    0.994842  -0.0850863    -1.59847  -0.0395146     2.05571    0.785403
-0.00568018    0.994768  -0.0879818    -1.59815  -0.0408086     2.05607    0.785403
-0.00840606    0.994683  -0.0908729    -1.59782  -0.0421024     2.05645    0.785403
-0.0111271   0.994588 -0.0937597   -1.59748 -0.0433958    2.05684   0.785403
-0.0138432   0.994481 -0.0966419   -1.59713 -0.0446886    2.05723   0.785403
-0.0165543   0.994364 -0.0995195   -1.59676  -0.045981    2.05764   0.785402
  -0.01926   0.994237  -0.102392   -1.59637 -0.0472728    2.05806   0.785402
-0.0219604   0.994098   -0.10526   -1.59598  -0.048564    2.05849   0.785402
-0.0246552   0.993949  -0.108123   -1.59557 -0.0498545    2.05893   0.785402
-0.0273443   0.993788  -0.110981   -1.59514 -0.0511444    2.05938   0.785402
-0.0300275   0.993617  -0.113834   -1.59471 -0.0524335    2.05984   0.785402
-0.0327046   0.993434  -0.116681   -1.59426 -0.0537218    2.06031   0.785402
-0.0353756    0.99324  -0.119523   -1.59379 -0.0550093    2.06079   0.785402
  -0.03804   0.993035   -0.12236   -1.59331 -0.0562958    2.06128   0.785401
-0.0406979   0.992819   -0.12519   -1.59282 -0.0575813    2.06178   0.785401
 -0.043349   0.992591  -0.128015   -1.59232 -0.0588658    2.06229   0.785401
-0.0459929   0.992351  -0.130834    -1.5918 -0.0601492    2.06281   0.785401
-0.0486297   0.992099  -0.133647   -1.59128 -0.0614314    2.06333     0.7854
 -0.051259   0.991836  -0.136453   -1.59073 -0.0627124    2.06387     0.7854
-0.0538806    0.99156  -0.139253   -1.59018  -0.063992    2.06442     0.7854
-0.0564945   0.991272  -0.142047   -1.58961 -0.0652703    2.06498     0.7854
-0.0591004   0.990972  -0.144834   -1.58903 -0.0665471    2.06554   0.785399
-0.0616979    0.99066  -0.147614   -1.58843 -0.0678223    2.06612   0.785399
-0.0642871   0.990335  -0.150387   -1.58782  -0.069096     2.0667   0.785399
-0.0668676   0.989997  -0.153153    -1.5872 -0.0703681    2.06729   0.785398
 -0.069439   0.989646  -0.155911   -1.58657 -0.0716384    2.06789   0.785398
-0.0720009   0.989282  -0.158662   -1.58593 -0.0729067    2.06849   0.785398
-0.074553  0.988904 -0.161405  -1.58527 -0.074173   2.06911  0.785397
 -0.077095   0.988513  -0.164139    -1.5846 -0.0754372    2.06973   0.785397
-0.0796266   0.988109  -0.166865   -1.58392 -0.0766991    2.07035   0.785397
-0.0821474    0.98769  -0.169582   -1.58322 -0.0779587    2.07099   0.785396
-0.0846572   0.987257   -0.17229   -1.58251 -0.0792157    2.07163   0.785396
-0.0871554    0.98681  -0.174989    -1.5818 -0.0804702    2.07227   0.785396
-0.0896419   0.986348  -0.177678   -1.58107  -0.081722    2.07292   0.785395
-0.092116  0.985871 -0.180357  -1.58032 -0.082971   2.07358  0.785395
-0.0945775   0.985379  -0.183026   -1.57957 -0.0842171    2.07424   0.785395
-0.097026  0.984871 -0.185685  -1.57881  -0.08546    2.0749  0.785394
 -0.099461   0.984346  -0.188333   -1.57803 -0.0866998    2.07557   0.785394
 -0.101882   0.983805   -0.19097   -1.57724 -0.0879363    2.07624   0.785394
  -0.10429   0.983247  -0.193597   -1.57645 -0.0891692    2.07691   0.785393
 -0.106682   0.982673  -0.196211   -1.57564 -0.0903985    2.07759   0.785393
 -0.109059    0.98208  -0.198814   -1.57482 -0.0916239    2.07827   0.785393
 -0.111421    0.98147  -0.201404   -1.57399 -0.0928454    2.07894   0.785392
 -0.113766   0.980841  -0.203982   -1.57315 -0.0940625    2.07962   0.785392
 -0.116093   0.980194  -0.206545    -1.5723 -0.0952752     2.0803   0.785391
 -0.118403   0.979527  -0.209095   -1.57144 -0.0964831    2.08098   0.785391
 -0.120693   0.978841  -0.211629   -1.57057 -0.0976856    2.08166    0.78539
 -0.122963   0.978137  -0.214146   -1.56969 -0.0988823    2.08233    0.78539
 -0.12521  0.977414 -0.216644  -1.56881 -0.100073   2.08301  0.785389
-0.127435   0.97667 -0.219124  -1.56792 -0.101256   2.08367  0.785389
-0.129635  0.975905 -0.221584  -1.56702 -0.102433   2.08433  0.785388
-0.131812  0.975115 -0.224026  -1.56611 -0.103603   2.08499  0.785388
-0.133966  0.974299 -0.226451  -1.56519 -0.104766   2.08563  0.785387
-0.136098  0.973455  -0.22886  -1.56427 -0.105924   2.08628  0.785386
-0.138212  0.972578 -0.231259  -1.56332 -0.107078   2.08691  0.785386
-0.140308  0.971669 -0.233648  -1.56237 -0.108227   2.08754  0.785385
-0.142385  0.970725 -0.236027   -1.5614 -0.109372   2.08816  0.785385
-0.144443  0.969749 -0.238395  -1.56042 -0.110512   2.08877  0.785384
-0.146483  0.968743 -0.240752  -1.55943 -0.111647   2.08938  0.785383
-0.148505  0.967709 -0.243098  -1.55842 -0.112776   2.08998  0.785383
-0.150507  0.966655 -0.245429  -1.55742 -0.113899   2.09056  0.785382
-0.152488  0.965588 -0.247743  -1.55641 -0.115014   2.09115  0.785381
-0.154446  0.964517 -0.250034   -1.5554 -0.116119   2.09172   0.78538
 -0.15638  0.963441 -0.252302   -1.5544 -0.117213   2.09229   0.78538
-0.158245  0.962361   -0.2545  -1.55342 -0.118285   2.09282  0.785379
-0.160014  0.961272 -0.256601  -1.55247 -0.119326    2.0933  0.785378
-0.161683  0.960158 -0.258607  -1.55155 -0.120333   2.09373  0.785378
-0.163263  0.958998 -0.260536  -1.55063  -0.12131   2.09411  0.785377
-0.164765  0.957766 -0.262403  -1.54969 -0.122263   2.09445  0.785377
 -0.16619  0.956438  -0.26422  -1.54874 -0.123196   2.09474  0.785376
-0.167533  0.954987 -0.265988  -1.54775 -0.124108   2.09498  0.785376
-0.168784  0.953383 -0.267703  -1.54672 -0.124999   2.09516  0.785375
-0.169919  0.951597  -0.26935  -1.54563  -0.12586   2.09526  0.785375
-0.170909  0.949607 -0.270905  -1.54448 -0.126679   2.09527  0.785374
-0.171721  0.947399 -0.272338  -1.54327 -0.127442   2.09519  0.785374
-0.172344  0.945003 -0.273628  -1.54201 -0.128137     2.095  0.785373
 -0.17278  0.942454 -0.274768  -1.54074 -0.128758   2.09472  0.785373
-0.173037  0.939788 -0.275755  -1.53945 -0.129305   2.09436  0.785372
-0.173127  0.937039 -0.276593  -1.53816 -0.129778   2.09392  0.785372
-0.173065   0.93423 -0.277291  -1.53688  -0.13018   2.09341  0.785372
-0.172865  0.931384 -0.277856  -1.53562 -0.130515   2.09284  0.785371
 -0.17254  0.928517 -0.278299  -1.53439 -0.130788   2.09222  0.785371
-0.172104  0.925641 -0.278629  -1.53317 -0.131004   2.09154  0.785371
-0.171567  0.922767 -0.278854  -1.53199 -0.131166   2.09083   0.78537
-0.170941  0.919903 -0.278984  -1.53084 -0.131278   2.09007   0.78537
-0.170233  0.917055 -0.279025  -1.52971 -0.131344   2.08929   0.78537
-0.169453  0.914231 -0.278984  -1.52862 -0.131367   2.08847   0.78537
-0.168608  0.911433 -0.278868  -1.52756  -0.13135   2.08762   0.78537
-0.167704  0.908662 -0.278682  -1.52653 -0.131297   2.08675   0.78537
-0.166745  0.905918 -0.278431  -1.52553 -0.131209   2.08585  0.785369
-0.165736  0.903202 -0.278121  -1.52456 -0.131089   2.08493  0.785369
-0.164682  0.900513 -0.277754  -1.52362 -0.130939   2.08398  0.785369
-0.163585  0.897851 -0.277335  -1.52271  -0.13076   2.08301  0.785369
-0.162448  0.895218 -0.276867  -1.52183 -0.130555   2.08202  0.785369
-0.161276  0.892614 -0.276352  -1.52098 -0.130324   2.08101  0.785369
 -0.16007  0.890038 -0.275793  -1.52016 -0.130069   2.07998  0.785368
-0.158832  0.887491 -0.275192  -1.51936 -0.129791   2.07893  0.785368
-0.157566  0.884973 -0.274552   -1.5186 -0.129492   2.07786  0.785368
-0.156272  0.882485 -0.273875  -1.51786 -0.129172   2.07677  0.785368
-0.154953  0.880026 -0.273162  -1.51715 -0.128832   2.07566  0.785368
 -0.15361  0.877596 -0.272415  -1.51647 -0.128472   2.07454  0.785368
-0.152245  0.875197 -0.271635  -1.51581 -0.128095    2.0734  0.785368
-0.150859  0.872828 -0.270824  -1.51518 -0.127699   2.07224  0.785368
-0.149454   0.87049 -0.269984  -1.51458 -0.127287   2.07107  0.785368
-0.148031  0.868182 -0.269114    -1.514 -0.126859   2.06989  0.785368
-0.146591  0.865906 -0.268218  -1.51346 -0.126415   2.06869  0.785368
-0.145135  0.863662 -0.267296  -1.51293 -0.125956   2.06748  0.785368
-0.143665  0.861449 -0.266349  -1.51244 -0.125482   2.06626  0.785368
-0.142182  0.859268 -0.265379  -1.51197 -0.124996   2.06502  0.785368
-0.140686  0.857118 -0.264386  -1.51152 -0.124496   2.06377  0.785368
-0.139179  0.854999 -0.263372   -1.5111 -0.123983   2.06251  0.785368
-0.137662  0.852912 -0.262338  -1.51071 -0.123458   2.06124  0.785368
-0.136134  0.850856 -0.261283  -1.51033 -0.122921   2.05996  0.785368
-0.134597  0.848832  -0.26021  -1.50999 -0.122373   2.05866  0.785368
 -0.13305  0.846838 -0.259117  -1.50967 -0.121814   2.05736  0.785368
-0.131494  0.844875 -0.258005  -1.50937 -0.121243   2.05604  0.785368
-0.129928  0.842941 -0.256875  -1.50909 -0.120661   2.05472  0.785368
-0.128351  0.841037 -0.255724  -1.50884 -0.120067   2.05338  0.785368
-0.126761  0.839161 -0.254553  -1.50861  -0.11946   2.05204  0.785368
-0.125158  0.837314 -0.253359   -1.5084 -0.118841   2.05068  0.785368
-0.123539  0.835493  -0.25214  -1.50822 -0.118206   2.04931  0.785368
  -0.1219  0.833699 -0.250894  -1.50806 -0.117557   2.04792  0.785368
-0.120242  0.831929 -0.249622  -1.50792 -0.116891   2.04653  0.785368
-0.118564  0.830181 -0.248322   -1.5078  -0.11621   2.04512  0.785368
-0.116866  0.828453 -0.246995  -1.50771 -0.115513   2.04369  0.785368
-0.115148  0.826741 -0.245643  -1.50763 -0.114802   2.04226  0.785369
-0.113411  0.825043 -0.244265  -1.50756 -0.114076   2.04081  0.785369
-0.111656  0.823355 -0.242866  -1.50751 -0.113337   2.03934  0.785369
-0.109884  0.821675 -0.241446  -1.50747 -0.112586   2.03787  0.785368
-0.108099      0.82 -0.240009  -1.50745 -0.111825   2.03638  0.785368
-0.106305  0.818328 -0.238559  -1.50743 -0.111057   2.03488  0.785368
-0.104506  0.816658 -0.237103  -1.50742 -0.110283   2.03337  0.785368
-0.102709   0.81499 -0.235645  -1.50741 -0.109509   2.03186  0.785368
-0.100921  0.813325 -0.234192  -1.50741 -0.108736   2.03034  0.785368
-0.0991404   0.811663  -0.232744   -1.50741  -0.107964    2.02882   0.785368
-0.0973674   0.810005  -0.231301   -1.50741  -0.107194    2.02729   0.785368
-0.0956016   0.808351  -0.229861   -1.50742  -0.106425    2.02577   0.785368
-0.0938425   0.806702  -0.228425   -1.50743  -0.105657    2.02424   0.785368
-0.0920899   0.805057  -0.226991   -1.50745  -0.104889     2.0227   0.785368
-0.0903433   0.803417  -0.225561   -1.50747  -0.104122    2.02117   0.785369
-0.0886022   0.801783  -0.224132   -1.50749  -0.103356    2.01963   0.785369
-0.086866  0.800154 -0.222705  -1.50752 -0.102589   2.01809  0.785369
-0.0851339   0.798531  -0.221279   -1.50755  -0.101821    2.01655   0.785369
-0.083405  0.796913 -0.219852  -1.50758 -0.101052     2.015  0.785369
-0.0816782     0.7953  -0.218425   -1.50762  -0.100282    2.01345   0.785369
 -0.079952   0.793693  -0.216994   -1.50767 -0.0995091     2.0119   0.785369
 -0.078225    0.79209   -0.21556   -1.50772 -0.0987332    2.01034   0.785369
-0.0764955    0.79049   -0.21412   -1.50777 -0.0979534    2.00878   0.785369
-0.0747636   0.788893  -0.212676   -1.50783 -0.0971699    2.00722   0.785369
-0.0730292   0.787298  -0.211225   -1.50789 -0.0963825    2.00565   0.785369
-0.0712924   0.785705   -0.20977   -1.50795 -0.0955915    2.00407   0.785369
-0.0695531   0.784114   -0.20831   -1.50802 -0.0947969    2.00249   0.785369
-0.0678115   0.782524  -0.206845   -1.50808 -0.0939986    2.00091   0.785369
-0.0660675   0.780935  -0.205375   -1.50816 -0.0931969    1.99932   0.785369
-0.0643214   0.779347  -0.203901   -1.50823 -0.0923918    1.99773   0.785369
-0.0625732   0.777758  -0.202422   -1.50831 -0.0915834    1.99614   0.785369
-0.0608232    0.77617  -0.200939   -1.50838 -0.0907719    1.99454   0.785369
-0.0590717   0.774582  -0.199452   -1.50846 -0.0899575    1.99294   0.785369
-0.0573191   0.772993  -0.197961   -1.50854 -0.0891404    1.99133   0.785369
-0.0555658   0.771404  -0.196468   -1.50862 -0.0883208    1.98972   0.785369
-0.0538126   0.769814  -0.194973   -1.50871 -0.0874993    1.98811   0.785369
-0.0520599   0.768224  -0.193476   -1.50879 -0.0866759    1.98649   0.785369
-0.0503083   0.766634  -0.191977   -1.50887  -0.085851    1.98488   0.785369
-0.0485577   0.765044  -0.190478   -1.50896 -0.0850246    1.98326    0.78537
 -0.046808   0.763454  -0.188976   -1.50904 -0.0841965    1.98164    0.78537
 -0.045059   0.761864  -0.187474   -1.50912 -0.0833667    1.98002    0.78537
-0.0433108   0.760274   -0.18597   -1.50921 -0.0825352     1.9784    0.78537
-0.0415632   0.758683  -0.184464   -1.50929 -0.0817019    1.97677    0.78537
-0.0398162   0.757092  -0.182956   -1.50937 -0.0808669    1.97515    0.78537
-0.0380698   0.755501  -0.181447   -1.50945 -0.0800301    1.97352    0.78537
-0.0363236   0.753909  -0.179936   -1.50954 -0.0791914    1.97189    0.78537
-0.0345778   0.752316  -0.178423   -1.50962 -0.0783508    1.97026    0.78537
-0.0328321   0.750723  -0.176907    -1.5097 -0.0775082    1.96863    0.78537
-0.0310867   0.749129   -0.17539   -1.50978 -0.0766637    1.96701    0.78537
-0.0293413   0.747534  -0.173871   -1.50986 -0.0758173    1.96538    0.78537
 -0.027596   0.745939   -0.17235   -1.50994 -0.0749688    1.96374    0.78537
-0.0258506   0.744342  -0.170826   -1.51002 -0.0741182    1.96211    0.78537
-0.0241052   0.742745  -0.169301    -1.5101 -0.0732656    1.96048    0.78537
-0.0223595   0.741146  -0.167773   -1.51017 -0.0724109    1.95885    0.78537
-0.0206137   0.739547  -0.166242   -1.51025 -0.0715541    1.95722    0.78537
 -0.018868   0.737946   -0.16471   -1.51032 -0.0706953    1.95559    0.78537
-0.0171217   0.736343  -0.163175   -1.51039 -0.0698342    1.95396    0.78537
-0.0153751   0.734739  -0.161638   -1.51046 -0.0689708    1.95232    0.78537
 -0.013628   0.733134  -0.160098   -1.51053 -0.0681052    1.95069    0.78537
-0.0118806   0.731527  -0.158555   -1.51059 -0.0672374    1.94906    0.78537
-0.0101325   0.729919   -0.15701   -1.51066 -0.0663673    1.94743    0.78537
-0.00838389    0.728308   -0.155462    -1.51072  -0.0654949      1.9458     0.78537
-0.00663472    0.726696   -0.153912    -1.51078  -0.0646202     1.94417     0.78537
 -0.004885   0.725083  -0.152359   -1.51084 -0.0637431    1.94254    0.78537
-0.00313478    0.723467   -0.150803    -1.51089  -0.0628639     1.94091     0.78537
-0.00138408     0.72185   -0.149245    -1.51094  -0.0619823     1.93928     0.78537
0.000367024    0.720231   -0.147685    -1.51099  -0.0610986     1.93765     0.78537
0.00211846    0.71861  -0.146122   -1.51104 -0.0602126    1.93603    0.78537
0.00387014   0.716988  -0.144557   -1.51108 -0.0593246     1.9344    0.78537
0.00562208   0.715363  -0.142989   -1.51112 -0.0584344    1.93278    0.78537
0.00737433   0.713737  -0.141419   -1.51116  -0.057542    1.93116    0.78537
0.00912692   0.712109  -0.139847   -1.51119 -0.0566474    1.92954    0.78537
 0.0108799   0.710479  -0.138272   -1.51123 -0.0557507    1.92792    0.78537
 0.0126332   0.708847  -0.136695   -1.51125 -0.0548517     1.9263    0.78537
  0.014387   0.707214  -0.135115   -1.51128 -0.0539504    1.92469    0.78537
 0.0161412   0.705578  -0.133533    -1.5113 -0.0530469    1.92308    0.78537
 0.0178959   0.703941  -0.131949   -1.51132 -0.0521411    1.92147    0.78537
0.0196511  0.702302 -0.130361  -1.51133 -0.051233   1.91986   0.78537
 0.0214068    0.70066  -0.128772   -1.51134 -0.0503227    1.91825    0.78537
0.0231631  0.699017 -0.127179  -1.51135  -0.04941   1.91665   0.78537
0.0249199  0.697371 -0.125584  -1.51135 -0.048495   1.91505   0.78537
 0.0266773   0.695724  -0.123987   -1.51135 -0.0475776    1.91345    0.78537
0.0284352  0.694075 -0.122387  -1.51134 -0.046658   1.91186   0.78537
0.0301937  0.692423 -0.120784  -1.51134 -0.045736   1.91026   0.78537
 0.0319529   0.690769  -0.119179   -1.51132 -0.0448115    1.90868    0.78537
 0.0337126   0.689114  -0.117571   -1.51131 -0.0438847    1.90709    0.78537
 0.0354729   0.687456   -0.11596   -1.51128 -0.0429556    1.90551    0.78537
 0.0372337   0.685796  -0.114347   -1.51126 -0.0420241    1.90393   0.785371
  0.038995   0.684134  -0.112731   -1.51123 -0.0410902    1.90236   0.785371
0.0407569   0.68247 -0.111113  -1.51119 -0.040154   1.90079  0.785371
 0.0425192   0.680804  -0.109492   -1.51115 -0.0392154    1.89922   0.785371
 0.0442821   0.679136  -0.107869   -1.51111 -0.0382744    1.89766   0.785371
 0.0460455   0.677466  -0.106243   -1.51106 -0.0373311     1.8961   0.785371
 0.0478093   0.675793  -0.104615     -1.511 -0.0363854    1.89454   0.785371
 0.0495736   0.674118  -0.102984   -1.51094 -0.0354375    1.89299   0.785371
 0.0513384   0.672442  -0.101351   -1.51088 -0.0344874    1.89145   0.785371
  0.053104   0.670763 -0.0997148   -1.51081 -0.0335349    1.88991   0.785371
 0.0548704   0.669083 -0.0980759   -1.51074 -0.0325799    1.88837   0.785371
 0.0566375     0.6674 -0.0964343   -1.51066 -0.0316225    1.88684   0.785371
 0.0584054   0.665715 -0.0947899   -1.51057 -0.0306626    1.88531   0.785371
 0.0601739   0.664028 -0.0931427   -1.51048 -0.0297002    1.88379   0.785371
 0.0619432   0.662339 -0.0914929   -1.51039 -0.0287353    1.88227   0.785371
 0.0637131   0.660648 -0.0898404   -1.51028 -0.0277679    1.88076   0.785371
 0.0654838   0.658955 -0.0881851   -1.51018 -0.0267981    1.87925   0.785371
 0.0672552    0.65726 -0.0865271   -1.51006 -0.0258257    1.87775   0.785371
 0.0690274   0.655563 -0.0848663   -1.50995 -0.0248508    1.87626   0.785371
 0.0708003   0.653864 -0.0832028   -1.50982 -0.0238734    1.87477   0.785371
 0.0725739   0.652163 -0.0815365   -1.50969 -0.0228935    1.87328   0.785371
 0.0743483    0.65046 -0.0798675   -1.50955  -0.021911    1.87181   0.785371
 0.0761235   0.648755 -0.0781957   -1.50941 -0.0209259    1.87034   0.785371
 0.0778994   0.647048 -0.0765211   -1.50926 -0.0199384    1.86887   0.785371
 0.0796762   0.645339 -0.0748438   -1.50911 -0.0189482    1.86741   0.785371
 0.0814537   0.643628 -0.0731637   -1.50895 -0.0179555    1.86596   0.785371
 0.0832319   0.641915 -0.0714809   -1.50878 -0.0169602    1.86451   0.785371
 0.0850109     0.6402 -0.0697954    -1.5086 -0.0159624    1.86307   0.785371
 0.0867906   0.638484 -0.0681071   -1.50842  -0.014962    1.86164   0.785371
 0.0885711   0.636765 -0.0664161   -1.50823  -0.013959    1.86022   0.785371
 0.0903524   0.635044 -0.0647224   -1.50804 -0.0129534     1.8588   0.785371
 0.0921345   0.633322 -0.0630258   -1.50784 -0.0119453    1.85739   0.785371
 0.0939173   0.631597 -0.0613266   -1.50763 -0.0109345    1.85599   0.785371
  0.0957009     0.62987  -0.0596247    -1.50742 -0.00992112     1.85459    0.785371
  0.0974853    0.628142    -0.05792     -1.5072 -0.00890516     1.85321    0.785371
  0.0992703    0.626412  -0.0562127    -1.50697 -0.00788663     1.85183    0.785371
   0.101056     0.62468  -0.0545028    -1.50673 -0.00686549     1.85046    0.785371
   0.102843    0.622946  -0.0527901    -1.50649 -0.00584177     1.84909    0.785371
    0.10463     0.62121   -0.051075    -1.50624 -0.00481552     1.84774    0.785371
   0.106417    0.619472  -0.0493572    -1.50598 -0.00378671     1.84639    0.785371
   0.108206    0.617732  -0.0476368    -1.50572 -0.00275539     1.84506    0.785371
   0.109995     0.61599  -0.0459138    -1.50544 -0.00172141     1.84373    0.785371
   0.111785    0.614246  -0.0441882    -1.50516 -0.00068493     1.84241    0.785371
   0.113575    0.612501    -0.04246    -1.50488 0.000354146      1.8411    0.785371
  0.115366   0.610754 -0.0407292   -1.50458 0.00139575     1.8398   0.785371
  0.117158   0.609005 -0.0389958   -1.50428 0.00243997     1.8385   0.785371
   0.11895   0.607254 -0.0372599   -1.50397 0.00348673    1.83722   0.785371
  0.120743   0.605502 -0.0355214   -1.50365 0.00453598    1.83595   0.785371
  0.122537   0.603747 -0.0337805   -1.50332 0.00558782    1.83469   0.785371
  0.124331   0.601991 -0.0320372   -1.50299 0.00664202    1.83343   0.785371
  0.126126   0.600233 -0.0302916   -1.50265 0.00769888    1.83219    0.78537
  0.127921   0.598473 -0.0285436    -1.5023 0.00875819    1.83096    0.78537
  0.129716   0.596712 -0.0267931   -1.50194 0.00982018    1.82973    0.78537
  0.131512   0.594949 -0.0250402   -1.50157  0.0108847    1.82852    0.78537
  0.133309   0.593185 -0.0232849   -1.50119  0.0119518    1.82732    0.78537
  0.135106   0.591419 -0.0215273   -1.50081  0.0130213    1.82613    0.78537
  0.136904   0.589651 -0.0197673   -1.50042  0.0140934    1.82494    0.78537
  0.138702   0.587882 -0.0180049   -1.50002  0.0151682    1.82377    0.78537
  0.140501   0.586111 -0.0162402    -1.4996  0.0162455    1.82261    0.78537
    0.1423   0.584338 -0.0144732   -1.49919  0.0173253    1.82147    0.78537
    0.1441   0.582565 -0.0127039   -1.49876  0.0184077    1.82033    0.78537
    0.1459   0.580789 -0.0109323   -1.49832  0.0194926     1.8192    0.78537
     0.1477    0.579012 -0.00915834    -1.49787   0.0205802     1.81809     0.78537
   0.149502    0.577233 -0.00738218    -1.49742   0.0216702     1.81698     0.78537
   0.151303    0.575453 -0.00560384    -1.49695   0.0227628     1.81589     0.78537
   0.153105    0.573672 -0.00382336    -1.49648   0.0238579     1.81481     0.78537
   0.154907    0.571888 -0.00204071      -1.496   0.0249555     1.81375     0.78537
    0.15671    0.570103 -0.00025596     -1.4955   0.0260557     1.81269     0.78537
  0.158513   0.568317 0.00153077     -1.495  0.0271582    1.81165    0.78537
  0.160316   0.566529 0.00331942   -1.49449  0.0282632    1.81062   0.785369
  0.162119    0.56474 0.00510991   -1.49397  0.0293704    1.80961   0.785369
  0.163922   0.562949 0.00690215   -1.49344  0.0304801     1.8086   0.785369
  0.165726   0.561156 0.00869609    -1.4929  0.0315919    1.80761   0.785369
 0.167529  0.559363 0.0104916  -1.49234 0.0327061   1.80663  0.785369
 0.169332  0.557567 0.0122887  -1.49178 0.0338224   1.80567  0.785369
 0.171135  0.555771 0.0140875  -1.49121 0.0349411   1.80472  0.785369
 0.172938  0.553972 0.0158878  -1.49063 0.0360621   1.80378  0.785369
  0.17474  0.552173 0.0176897  -1.49004 0.0371853   1.80285  0.785369
 0.176543  0.550372  0.019493  -1.48944 0.0383107   1.80194  0.785369
 0.178345  0.548569 0.0212977  -1.48883 0.0394383   1.80105  0.785369
 0.180147  0.546765 0.0231039   -1.4882 0.0405681   1.80016  0.785369
 0.181949   0.54496 0.0249114  -1.48757 0.0417002   1.79929  0.785369
  0.18375  0.543153 0.0267203  -1.48693 0.0428344   1.79844  0.785369
 0.185551  0.541344 0.0285305  -1.48627 0.0439707    1.7976  0.785369
 0.187352  0.539534  0.030342  -1.48561 0.0451093   1.79677  0.785369
 0.189153  0.537722 0.0321548  -1.48493   0.04625   1.79596  0.785368
 0.190953  0.535909 0.0339688  -1.48424 0.0473929   1.79517  0.785368
 0.192753  0.534094 0.0357842  -1.48355  0.048538   1.79439  0.785368
 0.194553  0.532277  0.037601  -1.48284 0.0496855   1.79362  0.785368
 0.196352  0.530458 0.0394193  -1.48212 0.0508355   1.79287  0.785368
 0.198152  0.528638 0.0412392  -1.48138 0.0519879   1.79214  0.785368
 0.199952  0.526815 0.0430608  -1.48064 0.0531428   1.79142  0.785368
 0.201752   0.52499 0.0448838  -1.47988 0.0543001   1.79071  0.785368
 0.203551  0.523164  0.046708  -1.47911 0.0554598   1.79003  0.785368
  0.20535  0.521335 0.0485331  -1.47833 0.0566215   1.78936  0.785368
 0.207148  0.519504 0.0503588  -1.47754 0.0577853   1.78871  0.785368
 0.208945  0.517671 0.0521849  -1.47673 0.0589508   1.78807  0.785368
 0.21074 0.515837 0.054011 -1.47592 0.060118  1.78745 0.785368
 0.212533     0.514  0.055837  -1.47509 0.0612867   1.78685  0.785367
 0.214325  0.512161 0.0576625  -1.47425 0.0624567   1.78626  0.785367
 0.216114  0.510321 0.0594872  -1.47339 0.0636278   1.78569  0.785367
 0.217901  0.508479 0.0613106  -1.47253 0.0647998   1.78514  0.785367
 0.219684  0.506635 0.0631324  -1.47165 0.0659723    1.7846  0.785367
 0.221464   0.50479 0.0649519  -1.47076  0.067145   1.78408  0.785367
  0.22324  0.502943 0.0667688  -1.46986 0.0683177   1.78358  0.785367
 0.225011  0.501095 0.0685831  -1.46895 0.0694903   1.78309  0.785367
  0.22678  0.499245 0.0703958  -1.46802 0.0706635   1.78262  0.785367
 0.228546  0.497392 0.0722073  -1.46709 0.0718374   1.78216  0.785367
 0.230309  0.495536  0.074018  -1.46614 0.0730124   1.78173  0.785366
 0.232071  0.493677 0.0758281  -1.46517 0.0741886   1.78131  0.785366
 0.233831  0.491815 0.0776381   -1.4642 0.0753665    1.7809  0.785366
  0.23559   0.48995 0.0794487   -1.4632 0.0765466   1.78052  0.785366
  0.23735  0.488081 0.0812607   -1.4622 0.0777293   1.78015  0.785366
  0.23911  0.486208 0.0830752  -1.46118 0.0789157   1.77981  0.785366
 0.240873  0.484329 0.0848938  -1.46014 0.0801068   1.77948  0.785366
 0.242641  0.482443 0.0867185  -1.45908 0.0813039   1.77918  0.785366
 0.244415  0.480548  0.088551    -1.458 0.0825084   1.77891  0.785366
  0.24619  0.478649 0.0903865   -1.4569 0.0837177   1.77865  0.785365
 0.247965  0.476747 0.0922225  -1.45579 0.0849303   1.77842  0.785365
 0.249737  0.474839 0.0940572  -1.45465 0.0861449   1.77822  0.785365
 0.251504  0.472926 0.0958887   -1.4535 0.0873599   1.77804  0.785365
 0.253263  0.471008 0.0977143  -1.45234 0.0885737   1.77787  0.785365
 0.255012  0.469086 0.0995308  -1.45116 0.0897839   1.77773  0.785365
 0.256747  0.467161  0.101334  -1.44996 0.0909878    1.7776  0.785365
 0.258462  0.465235   0.10312  -1.44876 0.0921822   1.77748  0.785365
 0.260152  0.463311  0.104882  -1.44756 0.0933629   1.77737  0.785364
 0.261819  0.461381  0.106622  -1.44635 0.0945302   1.77727  0.785364
 0.263448  0.459461  0.108326  -1.44515 0.0956751   1.77717  0.785364
  0.26504  0.457554  0.109994  -1.44394 0.0967978   1.77708  0.785364
 0.266602  0.455658  0.111633  -1.44275 0.0979019   1.77699  0.785364
 0.268138  0.453774  0.113246  -1.44155 0.0989912   1.77691  0.785364
0.269655 0.451899 0.114843 -1.44036  0.10007  1.77684 0.785364
0.271163 0.450033 0.116429 -1.43916 0.101144  1.77678 0.785364
0.272669 0.448169 0.118015 -1.43794  0.10222  1.77674 0.785363
0.274186 0.446301 0.119613 -1.43671 0.103305  1.77673 0.785363
0.275727 0.444419 0.121236 -1.43545  0.10441  1.77676 0.785363
0.277293 0.442533 0.122885 -1.43415 0.105537  1.77683 0.785363
0.278888 0.440646 0.124564 -1.43281 0.106692  1.77696 0.785363
0.280502 0.438758 0.126262 -1.43143  0.10787  1.77717 0.785363
0.282093 0.436884  0.12794 -1.43001 0.109048  1.77744 0.785364
0.283628 0.435035 0.129563 -1.42858 0.110201  1.77776 0.785364
0.285101 0.433191 0.131125 -1.42713 0.111325  1.77813 0.785364
0.286506 0.431341 0.132624 -1.42566 0.112415  1.77852 0.785364
0.287868 0.429444 0.134084 -1.42415 0.113488  1.77895 0.785365
 0.28919 0.427489 0.135509 -1.42258 0.114545  1.77939 0.785365
0.290473 0.425469 0.136902 -1.42096 0.115588  1.77986 0.785365
0.291721 0.423378 0.138265 -1.41929 0.116617  1.78035 0.785366
0.292931 0.421216 0.139596 -1.41756 0.117631  1.78086 0.785366
0.294102 0.418984 0.140893 -1.41578 0.118628  1.78138 0.785367
0.295229 0.416684 0.142153 -1.41395 0.119605   1.7819 0.785367
0.296309  0.41432 0.143369 -1.41208 0.120559  1.78243 0.785368
0.297338 0.411899 0.144539 -1.41017 0.121485  1.78297 0.785368
 0.29831 0.409426 0.145656 -1.40823 0.122379   1.7835 0.785369
0.299221  0.40691 0.146716 -1.40626 0.123238  1.78403 0.785369
0.300067 0.404359 0.147715 -1.40428 0.124058  1.78455  0.78537
0.300846 0.401784 0.148647 -1.40229 0.124835  1.78505  0.78537
0.301553 0.399195 0.149511  -1.4003 0.125566  1.78554 0.785371
0.302189 0.396602 0.150303 -1.39832  0.12625    1.786 0.785371
0.302752 0.394015 0.151024 -1.39635 0.126885  1.78645 0.785372
0.303243 0.391442 0.151673 -1.39441 0.127471  1.78686 0.785372
0.303664 0.388888 0.152252  -1.3925 0.128008  1.78726 0.785372
0.304018 0.386355 0.152763 -1.39062 0.128499  1.78763 0.785373
0.304309 0.383845  0.15321 -1.38876 0.128945  1.78798 0.785373
0.304538 0.381357 0.153596 -1.38692 0.129349  1.78831 0.785374
 0.30471 0.378894 0.153922 -1.38512 0.129712  1.78862 0.785374
0.304827 0.376452 0.154194 -1.38334 0.130036  1.78891 0.785374
0.304892 0.374029 0.154412 -1.38158 0.130323  1.78919 0.785375
0.304907 0.371626  0.15458 -1.37984 0.130575  1.78944 0.785375
0.304874 0.369246   0.1547 -1.37813 0.130793  1.78968 0.785375
0.304797 0.366885 0.154774 -1.37644 0.130979   1.7899 0.785375
0.304675 0.364542 0.154803 -1.37477 0.131134  1.79011 0.785376
0.304512 0.362215 0.154789 -1.37312 0.131259   1.7903 0.785376
0.304308 0.359903 0.154734 -1.37149 0.131354  1.79047 0.785376
0.304064 0.357604 0.154639 -1.36987 0.131422  1.79063 0.785376
 0.30378 0.355316 0.154503 -1.36827 0.131462  1.79078 0.785377
0.303457  0.35304 0.154328 -1.36669 0.131474  1.79091 0.785377
0.303097 0.350774 0.154114 -1.36512  0.13146  1.79103 0.785377
  0.3027  0.34852 0.153863 -1.36357  0.13142  1.79113 0.785377
0.302266 0.346275 0.153574 -1.36203 0.131353  1.79122 0.785377
0.301795 0.344041 0.153249  -1.3605 0.131261  1.79129 0.785377
0.301289 0.341817 0.152886 -1.35899 0.131142  1.79135 0.785377
0.300747 0.339603 0.152488  -1.3575 0.130999   1.7914 0.785377
 0.30017 0.337402 0.152055 -1.35602  0.13083  1.79143 0.785377
0.299559 0.335213 0.151586 -1.35457 0.130637  1.79145 0.785377
0.298914 0.333038 0.151083 -1.35313 0.130418  1.79145 0.785376
0.298234 0.330877 0.150544 -1.35171 0.130174  1.79144 0.785376
 0.29752 0.328731 0.149969 -1.35031 0.129905  1.79141 0.785376
0.296772   0.3266 0.149359 -1.34892 0.129611  1.79137 0.785375
 0.29599 0.324486 0.148715 -1.34756 0.129292  1.79131 0.785375
0.295173 0.322388 0.148034 -1.34622 0.128946  1.79123 0.785375
0.294322 0.320309 0.147317  -1.3449 0.128576  1.79113 0.785375
0.293436 0.318249 0.146565  -1.3436 0.128179  1.79102 0.785374
0.292516 0.316209 0.145776 -1.34233 0.127756  1.79089 0.785374
 0.29156 0.314191 0.144951 -1.34108 0.127306  1.79074 0.785374
0.290568 0.312194 0.144088 -1.33985 0.126829  1.79057 0.785374
0.289541 0.310222 0.143187 -1.33865 0.126324  1.79038 0.785373
0.288477 0.308274 0.142249 -1.33748 0.125792  1.79016 0.785373
0.287378 0.306352 0.141273 -1.33634 0.125232  1.78993 0.785373
0.286242 0.304457 0.140259 -1.33523 0.124644  1.78967 0.785373
0.285072 0.302589 0.139209 -1.33415 0.124029   1.7894 0.785373
0.283868  0.30075 0.138124  -1.3331 0.123387  1.78909 0.785373
0.282631 0.298939 0.137003 -1.33208 0.122718  1.78877 0.785372
0.281361 0.297157 0.135848 -1.33109 0.122024  1.78843 0.785372
 0.28006 0.295405  0.13466 -1.33013 0.121304  1.78806 0.785372
0.278728 0.293683 0.133439  -1.3292  0.12056  1.78767 0.785372
0.277366 0.291993 0.132188 -1.32831 0.119792  1.78725 0.785372
0.275976 0.290333 0.130906 -1.32745    0.119  1.78681 0.785372
0.274559 0.288707 0.129595 -1.32662 0.118186  1.78635 0.785372
0.273116 0.287115 0.128256 -1.32583  0.11735  1.78587 0.785372
 0.27165 0.285558 0.126893 -1.32508 0.116494  1.78536 0.785372
0.270162 0.284038 0.125506 -1.32436  0.11562  1.78483 0.785372
0.268655 0.282558 0.124098 -1.32369 0.114728  1.78427 0.785371
0.267132 0.281118 0.122672 -1.32305 0.113821  1.78368 0.785371
0.265595 0.279722  0.12123 -1.32247 0.112899  1.78306 0.785371
0.264049 0.278371 0.119778 -1.32193 0.111967  1.78241 0.785371
0.262499 0.277069 0.118318 -1.32144 0.111027  1.78174 0.785371
 0.26094  0.27581 0.116848   -1.321 0.110077  1.78102 0.785371
0.259363  0.27458 0.115358 -1.32061 0.109112  1.78025 0.785371
0.257772 0.273382 0.113854 -1.32028 0.108135  1.77944 0.785371
 0.25617 0.272214 0.112337 -1.31999 0.107148  1.77857 0.785371
0.254551 0.271069 0.110802 -1.31975 0.106148  1.77765 0.785371
0.252918 0.269946 0.109253 -1.31955 0.105138  1.77667 0.785371
0.251275 0.268845 0.107693 -1.31941  0.10412  1.77565 0.785371
0.249624 0.267763 0.106124  -1.3193 0.103096  1.77458 0.785371
0.247967 0.266698 0.104548 -1.31923 0.102066  1.77347 0.785371
0.246302 0.265643 0.102963 -1.31919 0.101031  1.77232 0.785371
 0.244626  0.264591  0.101368  -1.31917 0.0999892   1.77114  0.785371
 0.242939  0.263535 0.0997612  -1.31916 0.0989402   1.76994  0.785371
 0.241246  0.262478 0.0981477  -1.31915 0.0978871   1.76874  0.785371
 0.239545  0.261414 0.0965259  -1.31914 0.0968286   1.76754  0.785371
 0.237838  0.260346 0.0948967  -1.31912  0.095765   1.76634  0.785371
 0.236123  0.259277 0.0932602   -1.3191 0.0946962   1.76513  0.785371
 0.234402  0.258207 0.0916163  -1.31909  0.093622   1.76393  0.785371
 0.232675  0.257138 0.0899648  -1.31907 0.0925423   1.76272  0.785371
 0.230941  0.256074 0.0883063  -1.31906 0.0914572   1.76151  0.785371
 0.229201  0.255015 0.0866411  -1.31906 0.0903668    1.7603  0.785371
 0.227456  0.253963 0.0849697  -1.31906 0.0892716   1.75908  0.785371
 0.225707  0.252922 0.0832936  -1.31907 0.0881721   1.75786  0.785371
 0.223955  0.251892 0.0816134   -1.3191 0.0870688   1.75664  0.785371
 0.222202  0.250876 0.0799311  -1.31913 0.0859629   1.75541  0.785371
 0.220448  0.249874 0.0782463  -1.31918 0.0848543   1.75417  0.785371
  0.21869  0.248886 0.0765576  -1.31925 0.0837422   1.75292  0.785372
  0.21693  0.247909 0.0748652  -1.31932 0.0826267   1.75166  0.785372
 0.215168  0.246943 0.0731692  -1.31941 0.0815081    1.7504  0.785372
 0.213402  0.245989 0.0714699  -1.31951 0.0803864   1.74913  0.785372
 0.211635  0.245045 0.0697674  -1.31963 0.0792618   1.74785  0.785372
 0.209865  0.244111 0.0680617  -1.31975 0.0781344   1.74657  0.785372
 0.208093  0.243186 0.0663529  -1.31988 0.0770042   1.74528  0.785372
 0.206318   0.24227 0.0646409  -1.32003 0.0758713   1.74399  0.785372
 0.204541  0.241361 0.0629258  -1.32018 0.0747356   1.74269  0.785372
 0.202762   0.24046 0.0612073  -1.32034 0.0735971   1.74139  0.785372
 0.200979  0.239565 0.0594852   -1.3205 0.0724557   1.74008  0.785372
 0.199194  0.238677 0.0577592  -1.32067 0.0713111   1.73877  0.785372
 0.197405  0.237794 0.0560296  -1.32085 0.0701636   1.73746  0.785372
 0.195614  0.236917 0.0542965  -1.32103 0.0690131   1.73615  0.785372
 0.193819  0.236046 0.0525599  -1.32122 0.0678598   1.73484  0.785372
 0.192022  0.235182 0.0508198  -1.32141 0.0667035   1.73352  0.785372
 0.190222  0.234323 0.0490762  -1.32161 0.0655443   1.73221  0.785372
 0.188419  0.233471  0.047329  -1.32181 0.0643823   1.73089  0.785372
 0.186614  0.232625 0.0455783  -1.32202 0.0632172   1.72957  0.785372
 0.184805  0.231785  0.043824  -1.32223 0.0620493   1.72825  0.785372
 0.182993  0.230951 0.0420662  -1.32245 0.0608784   1.72694  0.785372
 0.181179  0.230124 0.0403048  -1.32267 0.0597046   1.72562  0.785372
0.179361 0.229303  0.03854  -1.3229 0.058528  1.72429 0.785372
 0.177541  0.228488 0.0367719  -1.32314 0.0573486   1.72297  0.785372
 0.175718   0.22768 0.0350004  -1.32338 0.0561664   1.72165  0.785372
 0.173892  0.226879 0.0332257  -1.32362 0.0549815   1.72033  0.785372
 0.172064  0.226084 0.0314476  -1.32387 0.0537939   1.71901  0.785372
 0.170233  0.225296 0.0296665  -1.32412 0.0526036   1.71769  0.785373
 0.168399  0.224514 0.0278825  -1.32438 0.0514109   1.71637  0.785373
 0.166563  0.223738 0.0260954  -1.32465 0.0502155   1.71505  0.785373
 0.164725  0.222969 0.0243053  -1.32491 0.0490177   1.71374  0.785373
 0.162883  0.222206  0.022512  -1.32519 0.0478177   1.71242  0.785373
 0.161039   0.22145 0.0207155  -1.32546 0.0466151    1.7111  0.785373
 0.159192    0.2207 0.0189155  -1.32574 0.0454101   1.70979  0.785373
 0.157343  0.219956 0.0171122  -1.32603 0.0442025   1.70847  0.785373
  0.15549  0.219219 0.0153054  -1.32632 0.0429922   1.70716  0.785373
 0.153634  0.218488 0.0134951  -1.32661 0.0417793   1.70585  0.785373
 0.151776  0.217763 0.0116818  -1.32691 0.0405642   1.70454  0.785373
  0.149915   0.217045 0.00986538   -1.32721  0.0393472    1.70324   0.785373
   0.14805   0.216333 0.00804552   -1.32751   0.038127    1.70193   0.785373
  0.146183   0.215627 0.00622206   -1.32782  0.0369035    1.70063   0.785373
  0.144313   0.214927 0.00439504   -1.32813   0.035677    1.69933   0.785373
   0.14244   0.214233 0.00256442   -1.32844  0.0344478    1.69804   0.785373
   0.140563    0.213546 0.000730192    -1.32876   0.0332157     1.69674    0.785373
   0.138683    0.212865 -0.00110767    -1.32908   0.0319809     1.69545    0.785373
     0.1368     0.21219 -0.00294917     -1.3294   0.0307433     1.69417    0.785373
   0.134913    0.211521 -0.00479434    -1.32972   0.0295029     1.69288    0.785373
   0.133024    0.210859 -0.00664318    -1.33005   0.0282598      1.6916    0.785373
   0.131131    0.210203 -0.00849574    -1.33038   0.0270138     1.69033    0.785373
 0.129234  0.209553 -0.010352  -1.33072  0.025765   1.68905  0.785373
  0.127334   0.208909 -0.0122121   -1.33105  0.0245134    1.68778   0.785373
 0.125431  0.208272 -0.014076  -1.33139 0.0232589   1.68652  0.785373
  0.123524    0.20764 -0.0159438   -1.33173  0.0220016    1.68526   0.785373
  0.121613   0.207016 -0.0178154   -1.33208  0.0207413    1.68401   0.785373
 0.119699  0.206397 -0.019691  -1.33242 0.0194782   1.68275  0.785373
  0.117781   0.205785 -0.0215705   -1.33277  0.0182121    1.68151   0.785374
  0.11586   0.20518 -0.023454  -1.33312 0.0169431   1.68027  0.785374
  0.113935   0.204582 -0.0253414   -1.33348  0.0156712    1.67903   0.785374
  0.112006   0.203991 -0.0272327   -1.33383  0.0143964     1.6778   0.785374
  0.110073   0.203408 -0.0291279   -1.33419  0.0131188    1.67658   0.785374
 0.108137  0.202831 -0.031027  -1.33455 0.0118383   1.67535  0.785374
  0.106198   0.202263 -0.0329299   -1.33492   0.010555    1.67414   0.785374
  0.104254   0.201702 -0.0348366   -1.33528 0.00926895    1.67293   0.785374
  0.102308    0.20115 -0.0367471   -1.33565 0.00798017    1.67172   0.785374
  0.100357   0.200606 -0.0386612   -1.33603 0.00668874    1.67053   0.785374
 0.0984036    0.20007 -0.0405788    -1.3364 0.00539474    1.66933   0.785374
 0.0964468   0.199543 -0.0424999   -1.33679 0.00409826    1.66814   0.785374
 0.0944868   0.199025 -0.0444243   -1.33717 0.00279941    1.66696   0.785374
 0.0925238   0.198516 -0.0463518   -1.33756 0.00149824    1.66579   0.785374
   0.090557    0.198015  -0.0482833    -1.33795 0.000194378     1.66462    0.785374
   0.088586     0.19752  -0.0502191    -1.33834 -0.00111263     1.66346    0.785374
  0.0866128    0.197033  -0.0521573    -1.33873 -0.00242143      1.6623    0.785374
  0.0846357    0.196553  -0.0540994    -1.33912 -0.00373305     1.66116    0.785374
  0.082655   0.196079 -0.0560454   -1.33952 -0.0050474    1.66002   0.785374
 0.0806705   0.195612 -0.0579953   -1.33991 -0.0063646    1.65889   0.785374
  0.0786832    0.195151   -0.059948    -1.34031 -0.00768383     1.65777    0.785374
  0.0766916    0.194696  -0.0619052     -1.3407 -0.00900628     1.65666    0.785374
 0.0746953   0.194247 -0.0638671   -1.34109 -0.0103321    1.65555   0.785374
 0.0726938   0.193804 -0.0658342   -1.34149 -0.0116616    1.65446   0.785374
  0.070689   0.193366 -0.0678048   -1.34188 -0.0129936    1.65338   0.785374
 0.0686784   0.192934 -0.0697812   -1.34227 -0.0143297    1.65231   0.785374
 0.0656293   0.190812  -0.072634   -1.34444 -0.0152636    1.64915   0.785374
 0.0625421   0.188746 -0.0755083   -1.34657 -0.0162114    1.64608   0.785374
 0.0594242   0.186743 -0.0784155   -1.34866  -0.017174     1.6431   0.785374
 0.0562765   0.184804 -0.0813545   -1.35069 -0.0181512     1.6402   0.785374
    0.0531   0.182932 -0.0843243   -1.35268 -0.0191423    1.63739   0.785374
 0.0498954   0.181129  -0.087324   -1.35461 -0.0201471    1.63466   0.785374
 0.0466638   0.179398 -0.0903522   -1.35651 -0.0211651    1.63202   0.785374
  0.043406    0.17774 -0.0934079   -1.35835 -0.0221957    1.62946   0.785374
  0.040123   0.176159 -0.0964899   -1.36016 -0.0232384    1.62698   0.785374
  0.036816   0.174655 -0.0995969   -1.36192 -0.0242927    1.62459   0.785374
 0.0334862   0.173232  -0.102727   -1.36364 -0.0253581    1.62229   0.785374
 0.0301344    0.17189   -0.10588   -1.36533 -0.0264341    1.62007   0.785374
 0.0267613   0.170628  -0.109055   -1.36697 -0.0275203    1.61793   0.785374
 0.0233677   0.169448  -0.112251   -1.36857 -0.0286164    1.61588   0.785374
 0.0199543   0.168348  -0.115466   -1.37013 -0.0297219    1.61392   0.785374
 0.0165219   0.167329    -0.1187   -1.37165 -0.0308364    1.61204   0.785374
 0.0130711    0.16639  -0.121952   -1.37313 -0.0319598    1.61025   0.785374
 0.0096026   0.165532  -0.125221   -1.37457 -0.0330914    1.60855   0.785374
0.00611703   0.164754  -0.128507   -1.37596 -0.0342311    1.60693   0.785374
0.00261501   0.164057  -0.131808   -1.37731 -0.0353785     1.6054   0.785374
-0.000902732      0.16344    -0.135124     -1.37861   -0.0365332      1.60396     0.785374
-0.00443541    0.162905   -0.138453    -1.37988  -0.0376948     1.60261    0.785374
-0.00798224    0.162452   -0.141795     -1.3811  -0.0388628     1.60135    0.785374
 -0.011539    0.16208  -0.145146   -1.38228 -0.0400357    1.60017   0.785374
 -0.015104    0.16179  -0.148503   -1.38342 -0.0412127    1.59908   0.785374
-0.0186758   0.161581  -0.151865   -1.38452 -0.0423934    1.59807   0.785374
-0.0222541   0.161455  -0.155232   -1.38558 -0.0435774    1.59715   0.785374
-0.0258385   0.161411  -0.158603    -1.3866 -0.0447644    1.59631   0.785374
-0.0294266   0.161451  -0.161979   -1.38758 -0.0459546    1.59556   0.785374
-0.0330194   0.161575  -0.165356   -1.38852 -0.0471472    1.59489   0.785374
-0.0366164   0.161781  -0.168735   -1.38942 -0.0483418    1.59431   0.785374
-0.0402172   0.162072  -0.172115   -1.39029 -0.0495382    1.59381   0.785374
-0.0438209   0.162446  -0.175496   -1.39112 -0.0507365     1.5934   0.785374
 -0.047427   0.162906  -0.178876   -1.39191 -0.0519366    1.59307   0.785374
 -0.051035    0.16345  -0.182256   -1.39267 -0.0531383    1.59282   0.785374
-0.0546442   0.164079  -0.185635   -1.39339 -0.0543417    1.59266   0.785374
-0.0582591   0.164794  -0.189009   -1.39408  -0.055542    1.59258   0.785374
-0.0618785   0.165597   -0.19238   -1.39473 -0.0567425    1.59259   0.785374
-0.0655006   0.166488  -0.195749   -1.39535 -0.0579431    1.59267   0.785374
-0.0691246   0.167469  -0.199115   -1.39594 -0.0591434    1.59284   0.785374
-0.0727497   0.168539  -0.202476    -1.3965  -0.060343     1.5931   0.785374
-0.0763751     0.1697  -0.205832   -1.39702 -0.0615415    1.59343   0.785374
-0.0800002   0.170953  -0.209181   -1.39752 -0.0627384    1.59384   0.785374
-0.0836242   0.172297  -0.212523     -1.398 -0.0639334    1.59434   0.785374
-0.0872463   0.173735  -0.215856   -1.39844 -0.0651259    1.59491   0.785374
 -0.090866   0.175266   -0.21918   -1.39886 -0.0663155    1.59556   0.785374
-0.0944824   0.176892  -0.222493   -1.39926 -0.0675019    1.59629   0.785374
-0.0980949   0.178613  -0.225795   -1.39964 -0.0686844    1.59709   0.785374
 -0.101703    0.18043  -0.229083       -1.4 -0.0698628    1.59797   0.785374
 -0.105306   0.182345  -0.232359   -1.40033 -0.0710366    1.59892   0.785374
 -0.108903   0.184357   -0.23562   -1.40065 -0.0722055    1.59995   0.785374
 -0.112493   0.186469  -0.238864   -1.40096 -0.0733686    1.60105   0.785374
